9.04
7.2
13.87
12.25
5.22
4.18
14.08
5.82
6.64
11.5
11.13
11.55
4.42
6.55
5.17
11.75
8.05
6.39
13.8
13.35
6.26
10.77
9.54
14.1
9.65
11.22
4.57
6.21
13.96
10.78
14.58
5.55
9.29
10.85
13.75
11.93
13.5
13.48
6.59
5.0
5.48
11.55
11.18
6.39
7.86
11.02
14.36
9.63
11.9
7.41
9.03
6.57
13.96
7.82
9.89
6.58
5.37
5.78
13.51
12.04
13.87
14.19
10.44
9.68
9.46
13.12
6.43
10.86
10.84
10.87
14.97
10.7
11.56
8.13
14.87
7.34
12.98
9.04
8.9
13.62
4.58
10.66
14.26
9.76
6.75
11.36
8.57
5.74
4.55
5.15
12.0
12.9
13.2
13.16
4.07
7.7
5.65
10.59
13.43
7.19
