296
271
257
51
228
187
195
122
40
4
246
84
166
88
0
130
181
1
181
212
77
121
161
133
52
101
36
75
84
180
139
6
186
62
230
95
88
40
287
32
33
261
257
45
172
155
167
297
159
108
169
157
187
20
209
226
111
21
221
294
276
168
233
217
138
183
210
238
70
75
28
196
211
142
87
259
145
229
33
251
69
245
220
47
224
136
203
115
112
168
48
247
16
251
60
179
278
46
292
172
262
269
173
135
173
55
49
269
22
132
19
209
264
87
27
116
257
138
293
277
142
260
232
137
77
73
47
78
252
61
146
115
233
59
236
264
46
9
26
141
224
86
185
243
54
291
123
104
229
37
113
38
5
30
165
50
51
225
261
234
142
123
68
233
28
262
60
256
146
16
299
86
288
211
239
173
159
94
30
38
256
297
12
120
144
190
8
123
190
106
203
243
182
17
33
37
113
240
179
118
198
230
185
58
53
116
260
247
295
57
277
188
44
236
101
157
187
232
203
232
201
61
284
144
233
259
172
270
266
219
32
2
189
255
263
206
194
76
134
60
87
234
165
56
5
297
108
66
71
158
105
93
114
198
143
254
198
150
46
208
189
75
61
152
41
16
265
142
299
190
39
99
197
171
284
272
43
190
146
74
15
65
142
188
169
189
10
62
119
10
185
260
152
33
48
86
224
55
202
67
288
28
53
156
209
153
50
108
216
251
231
39
278
119
7
224
256
196
248
189
124
232
181
42
71
98
156
269
194
78
188
21
183
40
149
231
101
213
52
52
76
3
235
35
289
119
80
130
293
51
268
105
191
204
175
84
9
198
175
296
296
78
177
10
292
115
175
193
37
251
295
270
125
257
107
42
219
282
297
73
125
127
296
180
48
287
232
290
183
207
165
264
17
267
79
286
75
274
59
106
130
188
228
118
209
297
243
219
180
289
125
125
11
121
51
193
218
286
6
152
245
83
129
34
6
274
99
258
125
244
97
158
236
286
290
274
213
180
163
32
1
279
95
178
146
229
48
206
274
247
58
211
82
57
213
182
51
250
128
239
59
267
252
15
244
285
237
240
149
85
284
137
229
44
134
119
28
13
18
195
10
247
116
114
96
181
87
151
116
2
121
240
97
214
17
147
30
181
223
160
188
178
201
36
78
29
47
20
248
147
176
76
204
115
103
71
82
103
213
275
237
37
142
220
280
258
214
104
35
239
147
126
130
28
152
258
180
47
64
236
146
123
268
96
45
156
26
187
274
53
284
195
174
248
87
179
12
225
108
225
190
65
51
225
101
150
141
172
76
280
258
256
203
178
91
29
246
125
138
3
99
242
99
142
197
196
13
103
277
220
142
146
172
11
92
61
187
91
170
294
124
199
107
156
140
246
72
244
105
198
167
199
286
38
289
113
276
13
287
111
159
211
24
253
297
24
26
22
247
208
154
262
143
252
142
220
277
45
22
281
232
164
114
214
233
42
254
118
19
185
114
12
262
208
109
217
279
21
100
24
121
28
159
292
106
161
235
21
254
129
64
276
21
10
228
259
205
43
265
98
100
293
146
183
217
41
52
210
67
62
180
10
171
19
52
288
287
238
67
118
156
96
102
108
224
8
136
267
189
36
4
146
268
57
261
152
270
267
278
25
200
56
249
159
19
79
188
142
243
147
277
53
214
87
114
43
168
276
167
294
70
70
200
107
247
181
146
210
235
123
282
173
36
209
298
28
280
237
141
272
193
122
38
35
55
103
250
209
163
144
20
155
66
27
64
97
205
275
13
103
18
231
257
32
220
35
248
9
30
200
25
163
291
275
98
254
170
117
130
222
145
161
136
56
20
271
20
99
257
93
176
248
218
87
78
207
47
36
144
82
189
161
72
102
111
24
208
230
261
41
112
183
263
85
14
261
143
83
54
186
165
255
9
31
279
230
243
1
185
30
247
31
177
149
232
219
281
178
60
126
186
293
36
166
7
237
56
145
249
58
48
144
198
1
62
43
31
125
80
180
177
200
248
59
52
262
196
147
48
276
52
118
249
10
29
241
207
46
280
148
203
69
220
248
270
139
225
280
290
217
181
186
3
276
80
235
98
44
9
67
2
116
147
275
173
172
131
139
123
85
257
182
121
201
234
294
137
115
50
125
130
23
298
202
65
89
91
169
251
208
183
183
59
271
286
214
241
190
250
142
42
109
28
4
150
186
197
169
151
8
149
228
93
170
76
19
85
266
194
104
81
98
142
65
148
6
102
211
268
160
44
277
154
73
140
224
23
237
187
85
203
249
7
99
230
245
206
5
190
268
211
252
138
39
188
170
134
52
219
242
214
210
132
59
205
73
222
95
263
137
138
85
276
76
73
108
285
56
145
252
27
268
123
259
25
98
184
150
132
111
82
81
35
270
181
267
49
62
197
6
42
63
28
31
256
24
61
254
154
263
34
274
162
163
76
159
249
70
4
144
151
70
143
13
291
134
253
19
28
232
93
289
11
13
36
12
281
261
153
126
250
186
154
151
114
127
291
11
230
148
39
2
292
82
203
205
198
83
135
41
299
28
252
83
67
74
26
265
238
119
262
104
90
240
17
289
228
153
199
295
58
290
14
154
58
246
146
282
44
266
231
30
283
94
31
217
120
29
224
258
177
13
243
258
85
156
0
289
72
189
0
37
96
264
186
165
100
26
50
14
0
251
93
186
77
150
23
164
119
31
241
270
55
70
46
64
196
40
36
268
166
38
128
249
229
80
276
276
81
161
212
249
241
250
242
105
64
250
198
16
92
278
277
259
243
278
225
149
127
35
43
176
5
134
0
184
33
155
268
156
106
214
68
149
193
275
24
159
234
296
247
201
116
1
36
164
206
93
271
79
290
131
287
199
258
224
245
2
125
284
223
208
17
238
118
162
248
135
144
192
3
205
59
68
120
69
63
134
25
176
251
123
86
255
4
297
35
34
185
176
226
100
203
140
223
246
72
130
280
143
81
45
219
173
81
274
133
34
158
176
71
211
171
156
76
199
35
186
173
259
211
219
260
137
176
222
34
181
127
112
243
248
127
274
101
159
176
49
17
196
235
259
68
235
56
48
269
107
176
198
248
106
216
123
118
189
108
248
152
220
99
117
130
161
134
195
5
217
165
203
38
163
134
212
234
75
145
244
277
162
181
89
219
74
166
96
92
135
22
85
29
23
86
28
262
59
247
260
252
66
191
196
78
298
25
292
9
256
181
219
269
27
16
271
269
72
153
159
124
119
201
121
109
189
127
204
72
189
154
290
171
137
159
112
39
266
7
252
122
98
212
226
106
49
58
186
184
259
206
292
221
28
29
90
118
159
217
38
157
222
146
118
269
29
9
32
254
190
147
36
92
233
256
190
55
249
147
107
292
278
17
244
18
157
196
81
96
21
63
12
274
284
0
237
112
113
237
233
268
211
244
205
109
246
163
263
95
4
6
91
122
49
60
230
158
268
160
175
274
155
39
4
250
63
119
187
222
227
72
188
77
145
115
115
190
146
250
128
247
45
154
223
20
288
247
109
94
276
298
149
84
148
39
120
136
3
29
278
113
76
236
35
288
270
63
296
76
173
216
209
117
133
210
126
242
254
74
210
299
241
21
63
53
166
46
71
217
201
123
203
245
12
90
48
280
262
163
76
259
108
59
295
52
215
278
243
269
70
39
140
282
61
98
67
5
206
12
6
46
263
14
195
84
298
135
287
101
274
66
261
83
253
189
41
13
256
61
59
282
217
205
244
256
31
176
26
12
83
212
190
28
118
22
202
242
222
119
209
188
219
70
114
231
33
273
167
293
90
225
53
284
209
86
297
287
135
262
61
53
151
290
218
288
78
239
117
155
10
185
83
2
173
140
271
264
39
217
170
283
52
119
64
61
42
254
129
55
277
228
84
241
166
201
246
230
166
180
175
264
208
24
266
271
196
298
75
17
121
126
51
53
214
111
159
45
253
160
173
41
6
80
57
10
20
201
277
240
244
58
254
162
93
69
288
105
142
80
117
49
166
225
191
125
180
84
81
174
220
153
287
226
124
159
199
34
169
22
136
256
182
265
19
105
97
249
288
109
196
114
82
183
23
196
154
108
161
293
256
114
233
130
53
236
292
227
124
278
82
262
254
100
182
238
23
76
157
218
152
102
219
299
109
108
173
146
11
290
213
195
194
183
291
211
295
281
178
207
255
296
75
84
144
55
220
241
256
293
32
171
198
5
134
170
82
122
141
141
264
0
33
102
83
266
295
263
162
279
170
93
29
97
222
170
107
216
110
250
202
58
15
29
295
168
113
29
133
6
190
263
38
274
157
159
266
104
144
57
158
73
283
95
2
154
33
235
47
130
59
19
283
206
214
295
76
295
24
102
35
183
187
229
249
191
276
260
232
178
212
271
85
250
282
71
143
68
29
227
139
191
71
22
269
150
57
125
112
55
260
104
173
163
194
186
125
137
232
61
134
265
7
235
86
22
249
150
127
88
298
110
26
178
181
250
170
144
184
33
2
227
71
111
107
97
126
46
136
126
199
185
57
77
236
37
75
186
88
10
294
2
192
288
97
183
192
23
193
284
119
208
51
173
92
54
284
210
195
109
10
93
266
75
237
68
149
71
201
133
109
137
211
66
267
139
39
35
11
41
278
112
206
96
13
102
7
78
135
225
93
229
274
19
270
131
1
61
223
222
239
89
221
92
294
19
3
92
34
23
271
34
110
61
211
253
247
297
107
209
166
133
140
191
279
97
142
220
80
284
288
87
284
144
267
238
45
250
270
130
137
34
114
238
277
224
253
221
138
266
232
218
114
197
34
172
16
191
235
47
5
7
29
17
48
278
245
249
25
210
279
239
36
191
79
167
232
159
85
115
244
36
68
293
251
158
115
35
114
56
84
73
108
92
292
69
98
131
223
203
90
123
71
253
237
279
201
97
63
292
3
112
0
229
26
50
220
267
38
45
173
134
249
159
237
12
66
65
133
133
223
103
167
59
70
226
144
30
72
59
233
43
0
289
135
29
255
163
70
66
246
226
142
126
12
71
254
260
145
231
219
261
207
79
163
195
95
48
196
0
276
46
232
151
103
237
251
252
138
90
102
268
288
210
285
281
282
200
85
71
247
239
54
264
61
83
285
0
95
265
215
205
251
40
229
183
30
186
117
241
97
98
115
23
269
7
91
281
291
255
47
233
293
128
215
24
299
35
280
195
89
145
74
224
166
28
290
115
163
276
28
269
55
193
92
165
208
124
167
81
285
100
273
43
116
172
264
283
8
243
23
193
126
30
116
80
162
170
190
213
23
107
9
139
177
271
231
133
93
286
52
217
279
237
225
9
271
90
80
18
134
201
179
233
108
166
3
58
197
117
198
159
201
49
142
46
28
244
248
123
88
198
123
180
209
6
211
263
149
127
216
150
205
111
142
104
228
33
272
170
286
187
21
288
26
47
155
32
249
193
241
252
78
126
219
222
282
70
282
268
268
234
211
132
207
221
274
82
224
187
243
269
289
57
47
139
291
133
237
18
7
107
31
157
134
219
116
74
245
108
101
132
172
135
225
37
22
136
94
33
120
47
72
217
270
206
97
130
184
140
5
170
198
89
198
116
176
253
128
111
99
101
130
35
214
169
0
33
64
164
165
202
11
225
205
162
184
188
146
33
279
138
129
257
149
174
8
158
2
292
191
182
240
287
3
288
236
60
160
177
269
197
283
272
109
167
60
115
1
218
234
64
7
219
289
81
155
25
58
298
250
107
183
12
203
218
98
190
168
233
48
21
13
156
4
232
21
68
191
244
192
269
146
180
172
156
175
66
18
45
106
10
221
213
277
39
251
78
74
281
160
175
136
239
205
67
255
19
27
279
271
216
217
279
187
21
285
161
28
28
87
149
273
67
252
268
230
221
49
180
16
173
113
145
242
154
245
109
276
191
211
230
123
228
58
281
217
128
41
179
240
83
12
51
7
31
18
192
289
228
233
103
11
58
244
292
228
214
257
149
64
285
146
48
180
253
206
11
232
69
22
164
182
146
46
205
214
219
62
117
121
243
38
159
127
179
181
65
125
5
49
108
89
155
104
86
169
265
68
248
138
286
135
39
116
52
25
13
129
38
140
56
220
107
22
123
291
190
222
124
45
8
234
41
71
125
116
123
204
188
33
53
284
50
121
155
158
103
165
231
152
278
87
33
27
118
1
94
263
74
212
69
180
69
164
186
31
205
266
211
259
291
218
9
124
144
200
237
103
2
12
295
43
196
8
259
174
165
180
262
288
140
37
254
218
174
290
230
10
101
95
118
174
114
226
140
173
58
43
71
295
217
181
165
256
124
130
32
270
253
104
180
55
218
95
41
224
211
198
211
98
170
52
127
100
57
250
149
186
149
77
54
36
202
105
221
23
140
144
196
203
291
259
298
257
236
165
41
283
14
282
231
274
297
166
207
42
59
238
43
114
282
267
246
70
245
132
212
110
19
55
111
208
271
161
61
5
273
10
251
187
145
133
180
255
129
246
81
28
268
95
181
157
61
285
194
274
195
51
138
7
27
111
89
127
163
278
156
208
29
204
233
161
91
77
275
261
148
141
295
57
8
71
277
42
142
280
259
197
78
19
235
192
142
43
205
208
146
153
299
141
245
65
239
148
142
165
220
117
89
160
81
144
184
62
191
53
201
190
124
47
154
195
18
206
279
7
280
148
254
118
75
152
80
222
140
76
15
182
10
232
231
183
299
74
230
273
102
221
59
275
163
266
220
258
278
213
60
10
181
138
121
118
10
174
47
13
73
209
291
167
75
166
18
38
225
247
80
182
175
168
89
123
53
34
213
225
54
43
51
78
62
53
134
4
193
62
151
143
20
272
40
133
10
63
41
146
228
102
194
47
170
53
11
276
70
30
71
257
218
73
130
263
31
1
182
265
9
176
141
37
222
297
64
39
63
263
231
42
292
122
45
125
23
15
108
54
213
29
220
209
190
84
170
250
92
191
185
251
290
100
102
62
20
196
281
64
231
212
16
231
245
35
264
76
65
70
123
11
19
41
90
144
76
17
19
261
295
36
74
210
177
63
70
270
45
257
275
2
7
65
169
284
255
211
114
250
284
83
168
92
39
11
167
281
100
222
278
26
268
266
254
106
193
173
2
214
114
247
77
176
41
132
4
285
162
90
26
257
4
43
129
270
0
200
222
3
32
97
204
163
86
243
56
215
274
15
8
4
233
83
131
136
244
217
113
171
110
77
292
14
0
7
92
100
74
92
147
214
150
232
123
15
183
142
186
143
25
224
59
40
22
251
86
229
278
266
128
172
48
125
30
26
278
231
10
126
165
123
299
243
171
170
82
76
129
77
64
277
82
237
28
212
238
288
97
205
233
170
48
194
158
2
76
166
283
252
50
237
31
95
198
138
38
208
87
292
240
135
60
179
114
134
127
83
193
1
61
254
134
116
85
20
117
94
251
212
248
211
196
23
49
152
7
134
86
212
189
165
233
214
170
236
173
242
116
225
51
241
42
295
266
258
210
59
196
45
292
60
281
269
129
88
261
51
14
180
205
283
0
68
59
148
228
167
127
24
253
74
115
272
11
199
1
186
282
267
127
137
165
86
70
135
188
229
18
190
249
60
12
32
112
197
28
169
137
266
110
162
23
181
88
196
274
25
241
61
36
191
13
181
69
101
229
90
72
96
31
118
26
188
187
251
177
172
207
11
217
274
122
145
51
40
273
154
286
263
69
295
137
185
151
78
65
267
101
53
170
116
63
281
209
35
51
274
231
128
173
292
137
261
8
63
124
273
49
61
294
233
27
37
0
72
139
294
94
80
158
229
130
299
284
252
262
67
256
105
280
131
1
274
109
38
142
182
284
81
22
210
50
146
42
55
38
77
201
231
216
194
6
120
265
185
138
237
265
278
230
138
222
155
190
85
185
63
12
171
138
299
265
227
144
59
195
92
92
136
50
137
246
185
47
30
246
119
98
119
110
280
199
52
213
192
149
241
264
54
201
65
287
44
120
97
230
148
279
217
196
82
130
175
244
267
227
204
174
102
75
143
25
140
97
227
157
14
229
20
155
130
36
190
148
59
252
78
45
6
176
29
124
207
271
126
228
188
228
149
85
245
184
271
253
60
299
72
107
63
102
245
86
121
241
291
39
71
41
30
72
218
74
251
140
205
164
170
259
254
172
61
56
77
124
137
201
143
73
264
30
169
273
121
257
204
127
179
292
101
7
238
105
114
141
129
257
86
42
124
214
249
267
201
257
263
207
229
181
288
158
287
190
218
196
59
185
283
214
88
76
25
100
19
292
22
39
246
180
108
227
20
38
59
5
273
72
275
130
100
69
24
92
225
199
94
189
246
83
187
281
60
148
137
77
211
228
5
170
180
161
186
24
109
196
108
104
210
188
248
22
6
273
232
254
298
175
100
70
283
231
31
229
215
206
99
90
34
226
270
182
31
88
134
9
157
51
262
215
204
91
221
19
210
23
55
191
240
187
35
12
186
113
111
216
218
54
270
176
84
172
54
82
18
126
224
24
191
90
127
192
276
255
105
219
136
131
40
145
78
81
110
204
125
37
7
222
33
185
29
36
153
3
89
63
248
85
149
237
90
268
9
112
136
268
254
266
297
24
190
216
33
127
296
53
241
134
135
282
70
254
156
201
156
268
35
4
41
176
233
274
56
212
251
175
11
125
153
202
153
47
226
52
290
207
258
124
48
65
154
55
293
252
100
114
157
204
182
276
7
274
53
51
3
182
267
292
252
268
21
5
246
217
296
123
128
135
226
1
173
237
176
88
48
88
111
74
181
282
21
135
215
139
242
38
195
242
66
34
172
278
168
38
280
54
53
221
256
122
130
281
27
293
156
176
66
185
119
271
177
271
120
163
42
297
204
279
83
234
213
283
255
0
198
100
62
162
251
4
56
295
123
259
223
10
9
158
214
186
50
14
138
259
274
116
209
253
62
167
114
189
157
199
255
207
175
125
254
280
70
195
96
184
5
289
223
263
211
177
267
42
234
67
120
101
149
26
79
283
74
280
276
76
108
147
123
60
259
198
49
154
208
232
53
221
31
121
217
256
116
105
56
211
296
244
233
57
32
35
167
179
36
161
160
236
48
16
219
246
299
123
275
221
50
130
117
165
30
280
135
212
123
244
246
52
93
204
68
181
267
258
170
155
80
149
56
59
102
286
218
226
41
153
193
173
297
103
286
141
65
144
270
114
160
105
209
1
44
90
172
8
163
22
216
263
140
115
186
40
144
128
152
54
21
159
14
227
116
217
45
117
230
290
100
279
245
99
78
223
30
103
71
35
89
207
84
45
225
206
227
136
114
101
155
165
224
4
105
235
71
197
175
209
286
93
31
79
162
161
137
55
114
261
13
289
166
32
6
36
267
14
218
163
182
68
256
271
209
24
8
49
84
197
204
37
178
213
179
153
57
78
220
258
146
283
269
194
70
19
151
172
283
176
74
64
211
55
49
48
130
7
299
190
17
93
176
60
257
179
0
155
218
81
295
107
120
142
143
247
154
171
82
289
78
290
261
274
62
288
131
271
206
197
131
289
158
281
22
73
210
294
170
280
284
157
107
107
66
103
138
268
159
10
189
161
63
67
239
119
76
4
145
94
141
162
92
28
28
75
234
169
47
278
29
258
220
197
44
44
22
49
270
241
282
90
15
76
236
241
2
269
26
6
19
277
269
10
193
213
32
22
179
253
220
218
272
197
134
135
298
249
126
5
160
144
239
267
133
187
248
74
174
82
217
215
101
20
285
268
296
136
55
235
46
253
124
3
287
111
264
253
92
288
121
272
244
21
196
228
111
161
96
254
164
96
100
104
52
267
233
79
72
247
66
267
71
154
130
25
112
50
261
178
116
241
296
157
22
87
188
40
262
177
106
36
225
0
259
284
99
245
187
151
36
139
221
236
6
165
215
66
202
219
29
25
62
279
194
38
291
252
78
282
219
50
61
126
16
82
188
260
56
121
276
97
198
81
177
173
216
206
224
141
231
162
117
217
264
153
257
144
199
298
232
252
2
265
96
277
70
49
135
230
64
105
164
203
125
230
60
12
151
19
267
156
267
195
215
67
174
279
281
179
6
265
103
289
236
80
87
1
82
76
54
21
56
131
229
160
214
171
240
168
146
95
198
266
157
61
67
255
67
26
151
241
118
287
142
77
101
64
119
265
121
12
109
89
35
80
197
147
156
207
130
263
75
37
156
55
121
152
89
79
221
124
166
294
70
176
127
197
46
221
51
30
186
239
45
200
104
133
61
205
228
168
209
123
131
159
158
117
155
266
277
295
123
250
239
97
231
115
250
193
53
220
19
240
168
192
68
265
109
221
215
154
213
28
241
100
267
91
198
24
258
275
176
194
223
180
214
232
18
297
280
278
218
67
120
221
226
62
75
250
72
11
245
288
104
30
93
111
130
97
233
192
254
46
179
220
267
157
101
210
232
9
188
17
236
222
36
177
210
85
40
181
240
253
156
79
271
78
173
184
110
294
252
249
282
207
166
138
37
208
194
176
270
277
169
95
141
284
6
89
16
296
215
55
93
76
52
238
125
13
228
22
136
169
195
128
260
100
60
128
54
235
66
92
26
10
166
81
73
186
161
26
23
223
112
165
32
237
204
277
86
156
121
295
214
126
247
190
141
275
128
103
132
123
163
80
253
8
266
12
110
286
60
254
295
224
56
198
39
224
136
29
273
98
115
46
296
228
171
283
278
180
262
66
150
40
156
50
15
31
239
159
234
292
278
7
254
99
256
138
185
198
74
218
36
250
134
253
77
57
297
66
163
54
246
106
288
251
9
242
36
85
197
61
12
157
245
164
32
151
196
233
182
269
71
61
159
212
40
154
32
51
219
208
236
156
257
136
118
54
222
29
165
40
151
198
185
280
115
230
74
261
269
284
206
58
137
173
58
22
86
78
75
8
160
288
241
69
47
230
287
48
143
288
92
299
148
54
154
260
181
100
110
45
289
132
273
35
113
129
165
29
125
36
34
38
164
142
199
88
55
10
242
19
84
38
166
270
156
54
277
257
219
201
123
156
65
167
157
286
3
257
283
115
270
204
62
271
92
86
215
43
267
280
270
204
208
155
197
217
102
65
286
80
37
104
204
109
263
163
85
209
11
53
143
165
203
58
287
191
289
28
134
45
159
3
56
96
163
171
185
263
95
180
119
245
261
254
205
151
247
90
130
59
92
20
187
237
187
294
66
24
187
95
31
109
130
117
72
248
287
142
93
82
173
20
23
145
273
217
101
178
165
244
83
48
227
183
234
248
96
294
115
25
53
157
259
286
108
123
197
202
174
257
66
191
178
16
59
112
128
193
93
119
106
180
149
219
158
13
102
74
91
152
250
202
188
40
242
140
109
132
125
177
2
36
39
105
199
113
141
35
126
298
226
17
257
281
172
291
93
4
147
108
106
94
89
85
121
127
281
79
142
121
206
77
101
220
30
39
238
299
182
175
90
150
264
139
54
187
97
21
256
229
11
261
128
218
179
275
40
0
198
172
207
131
224
132
102
165
155
225
217
20
76
20
25
201
27
36
122
56
82
264
262
119
77
58
199
178
92
66
217
2
43
207
203
219
103
254
4
231
59
242
209
153
22
264
41
159
247
124
155
250
277
27
170
2
24
191
251
83
40
251
253
15
111
186
91
65
134
51
146
244
126
16
101
294
33
269
168
81
274
260
24
191
227
210
122
78
13
114
262
56
254
237
267
146
148
211
157
293
205
132
180
74
60
58
103
88
134
151
207
234
18
208
155
251
36
296
205
105
256
4
274
282
95
197
255
239
258
215
184
289
285
185
273
270
111
98
116
204
134
286
67
212
72
181
37
78
89
240
236
9
57
27
90
111
176
87
185
44
223
109
90
263
270
15
220
251
110
238
174
262
271
179
27
63
260
79
39
237
190
4
259
152
30
227
279
40
108
155
91
268
63
248
63
101
20
173
174
172
21
190
188
259
103
16
258
245
153
240
254
189
27
79
181
221
174
54
29
211
112
44
235
245
282
47
182
124
265
285
151
258
32
128
35
126
117
74
191
38
264
112
96
56
247
288
98
18
201
200
40
205
190
31
179
103
176
77
45
279
46
262
267
224
87
57
31
293
208
251
56
160
31
164
23
251
27
155
198
250
168
85
258
51
50
282
287
53
134
226
152
123
113
125
97
260
290
98
117
3
262
195
7
148
204
100
246
99
240
89
259
184
0
278
34
11
3
216
241
255
266
111
167
268
43
128
142
223
47
118
180
88
133
157
64
289
118
118
264
52
102
22
294
131
226
253
65
235
156
96
267
149
135
25
178
256
35
11
138
14
257
79
185
186
279
93
191
266
129
219
158
233
35
11
287
158
41
99
298
70
70
97
143
173
265
270
154
170
40
230
152
137
138
262
284
31
58
113
251
286
290
66
25
47
158
164
140
186
31
107
146
46
10
248
36
299
33
205
237
72
225
247
168
79
55
249
148
60
22
158
169
272
67
71
95
289
163
14
286
180
76
272
137
93
166
269
72
170
115
61
116
181
90
222
227
159
56
137
192
241
191
234
33
104
172
12
276
286
288
167
146
32
103
296
97
170
243
157
63
273
220
36
179
17
159
44
81
103
196
67
101
125
205
231
64
296
298
82
75
12
86
194
79
207
15
234
50
292
289
294
120
271
9
77
64
40
147
165
184
87
219
19
95
159
238
109
264
140
84
212
54
282
252
298
188
224
217
256
73
231
293
97
149
69
152
245
48
217
123
4
34
83
139
295
116
225
249
211
186
81
238
185
129
8
82
185
206
29
146
40
77
175
149
119
224
38
91
195
121
79
159
122
216
276
262
119
170
194
130
266
106
268
199
274
70
88
192
179
88
43
171
168
172
298
179
287
5
197
132
2
256
108
50
223
185
289
13
215
166
96
260
136
282
259
112
137
247
149
189
206
53
89
12
125
62
284
207
279
218
278
246
176
266
251
157
35
57
31
238
32
127
114
61
29
190
188
176
106
195
208
101
91
153
275
255
107
273
17
173
29
26
118
142
297
290
26
126
200
180
218
119
91
194
170
81
147
156
290
18
167
47
101
21
293
84
91
261
63
60
64
63
275
223
195
285
286
163
21
102
23
184
193
275
201
20
82
79
55
167
57
196
220
132
216
239
18
186
193
30
295
144
62
58
57
272
39
109
66
200
180
11
73
65
294
208
282
282
263
143
140
218
104
295
172
109
60
223
268
17
120
58
106
76
125
54
243
126
142
191
8
274
277
283
138
293
6
70
97
5
103
248
272
233
201
297
24
154
139
103
140
167
260
11
272
186
172
59
177
21
201
186
139
110
26
60
259
22
129
239
275
195
215
299
185
90
128
149
105
213
96
238
125
104
86
40
237
142
110
196
217
114
230
41
228
145
207
281
149
202
94
142
253
5
233
125
293
192
218
228
290
281
207
73
84
13
57
176
104
138
173
242
105
223
107
121
249
201
284
195
44
180
236
133
138
104
13
110
129
211
114
288
111
255
95
221
53
208
83
270
91
184
223
295
107
32
220
108
13
114
113
134
290
232
174
19
93
254
69
21
7
83
224
166
281
255
269
41
10
12
26
150
205
200
215
275
44
152
165
193
130
275
3
292
29
24
113
197
217
99
161
145
280
128
190
11
114
64
16
111
216
194
223
214
162
203
76
291
13
179
63
136
77
235
231
196
62
34
111
49
65
98
44
141
297
188
81
128
97
42
131
214
289
245
280
31
245
213
290
161
201
93
145
295
264
50
50
228
183
152
56
69
23
168
46
142
90
58
160
92
119
54
251
132
99
268
247
155
258
55
242
54
189
108
140
234
252
11
180
160
173
164
28
257
193
65
125
297
73
229
122
118
14
247
231
261
58
262
196
74
288
297
150
181
157
16
192
193
170
225
83
292
166
18
153
249
91
1
255
143
95
183
157
149
258
14
72
97
124
49
91
242
13
113
161
145
212
180
268
133
211
266
38
202
203
4
245
91
64
54
261
203
40
41
190
275
244
254
183
172
280
228
211
105
107
297
172
52
174
83
110
177
232
150
30
85
259
239
121
231
95
70
118
13
149
183
227
58
39
82
267
98
261
216
60
70
272
268
59
260
278
34
274
273
128
247
138
263
284
15
159
38
50
228
222
238
282
246
197
218
220
178
54
11
52
168
273
6
49
124
271
118
17
192
296
160
209
292
278
28
66
112
90
243
241
140
15
67
148
201
80
254
37
186
8
251
27
291
168
167
278
26
220
99
88
161
139
191
5
46
42
203
33
63
180
20
112
102
136
120
203
100
280
76
99
47
46
14
285
20
201
11
278
209
76
36
201
40
177
75
70
143
1
171
127
50
69
6
95
0
131
281
0
235
261
208
168
201
110
45
14
283
102
252
210
121
60
287
28
236
25
3
64
282
260
234
116
158
49
117
77
188
74
263
259
93
245
217
97
33
136
115
212
256
142
119
5
289
262
80
68
165
67
28
280
290
292
175
6
52
131
163
231
271
25
281
29
157
278
124
210
51
118
179
224
155
22
48
149
255
221
136
162
61
178
168
33
77
263
95
68
164
149
237
126
111
279
83
46
145
273
68
139
93
28
68
190
258
7
170
279
34
96
32
92
151
175
258
119
181
26
101
181
84
133
100
124
205
117
49
214
292
192
131
13
282
260
198
128
123
142
213
118
89
143
180
31
171
154
134
68
215
141
49
159
57
243
134
91
212
89
238
108
52
29
286
277
278
111
18
212
247
39
50
66
141
202
108
27
143
1
104
123
127
109
271
50
173
38
172
252
288
197
138
60
50
148
90
211
158
274
220
155
216
71
214
50
126
112
53
129
289
41
37
144
35
289
29
52
196
53
173
94
37
152
50
221
120
19
179
212
175
282
12
166
229
258
97
285
146
265
116
5
167
211
17
179
23
0
102
177
109
31
58
193
248
281
299
95
197
35
121
188
264
84
284
183
282
148
13
135
34
209
281
206
144
180
179
41
265
251
247
144
276
27
139
109
120
252
75
13
77
152
43
186
76
175
111
221
104
9
100
29
26
57
156
109
152
156
20
229
58
271
266
179
128
49
261
252
245
27
172
76
269
233
259
72
60
133
158
40
51
108
277
105
218
60
186
258
35
163
249
119
219
250
246
54
284
5
4
186
151
227
5
14
165
189
72
130
131
138
285
117
205
21
278
262
200
27
90
94
194
235
90
124
121
13
299
45
288
136
39
3
216
81
197
115
118
55
178
56
128
169
140
65
229
154
8
58
171
113
71
218
286
299
116
296
133
262
40
249
74
224
202
213
230
47
160
190
6
151
112
253
44
53
194
241
148
209
16
231
229
264
166
233
250
97
198
39
147
31
21
39
121
86
167
193
79
84
59
97
196
117
19
95
215
136
185
22
59
68
269
241
258
38
205
257
34
249
46
204
119
197
142
295
75
175
188
133
2
257
198
255
290
104
118
243
127
214
98
169
54
241
219
122
237
40
281
122
79
161
228
147
188
120
169
98
204
163
184
265
101
184
247
245
252
155
0
177
126
283
71
272
38
126
210
108
244
217
282
179
291
57
76
237
221
104
207
226
253
195
296
203
201
162
249
248
84
157
44
37
296
165
168
133
275
195
264
143
142
230
271
285
180
113
255
210
81
266
176
161
33
67
221
275
185
43
82
275
260
183
6
113
44
64
26
166
182
18
118
127
165
226
74
284
187
151
2
29
25
144
247
229
182
167
85
177
57
104
74
1
73
1
230
106
20
38
201
123
40
29
29
84
265
70
36
265
298
293
258
103
238
80
147
63
203
131
168
104
71
199
76
155
129
269
143
1
126
297
151
10
271
64
112
295
102
31
85
36
110
56
260
98
116
213
128
117
133
51
51
6
280
150
106
106
45
203
223
223
137
212
15
22
206
72
166
88
130
175
184
63
299
128
200
244
182
236
232
119
116
65
9
98
164
186
25
89
103
225
145
131
178
168
272
102
199
91
233
3
241
181
33
240
112
102
173
293
142
132
76
264
122
73
209
229
89
295
259
73
90
39
72
27
226
165
227
87
181
57
50
82
244
281
10
77
57
143
210
237
186
45
209
91
213
275
213
88
175
58
41
12
56
75
118
42
157
202
186
36
168
147
275
22
176
185
31
225
210
252
65
248
282
23
260
206
233
298
101
271
62
78
214
133
209
104
278
204
130
195
224
124
221
248
195
294
104
0
174
48
177
44
165
166
81
230
255
131
136
84
297
20
52
44
103
42
105
7
238
112
133
171
161
184
291
138
150
38
282
273
242
237
46
26
72
126
147
62
201
61
119
100
242
192
269
190
250
132
127
161
223
216
242
35
280
146
34
264
228
279
132
231
26
48
274
239
34
260
49
281
35
194
156
183
95
213
171
135
193
158
166
211
125
99
237
224
101
15
112
233
213
180
217
45
29
32
126
29
9
183
234
196
262
39
164
0
84
112
183
92
243
162
124
115
18
134
215
117
292
65
299
245
148
8
43
97
151
149
136
288
119
240
225
272
12
118
103
262
55
94
129
88
34
245
22
24
127
274
16
283
142
228
265
214
204
103
211
228
119
262
219
64
81
59
120
202
38
285
0
84
2
2
275
254
122
60
34
111
235
244
225
224
63
216
291
25
126
79
188
32
118
267
56
185
232
19
194
284
181
83
119
50
162
184
204
121
63
145
6
136
205
52
159
235
41
252
54
172
253
263
67
195
177
188
21
276
51
254
284
38
187
148
153
200
105
197
111
7
2
61
200
224
64
212
214
275
34
231
130
18
111
36
177
200
224
23
80
44
268
16
207
193
270
234
294
286
177
203
72
176
31
67
258
142
67
28
255
242
123
299
112
32
220
180
42
249
18
121
76
34
86
37
27
230
225
290
158
160
299
130
270
8
131
263
1
65
277
38
137
87
107
53
172
47
94
134
76
22
25
64
219
131
267
63
284
146
209
63
72
91
204
119
59
147
228
169
156
215
27
66
66
145
83
159
283
273
134
22
132
205
202
75
200
45
134
123
84
276
81
46
72
21
228
0
264
65
267
10
227
286
259
210
235
64
141
2
24
61
150
4
4
23
65
227
12
163
6
281
277
84
47
201
185
204
228
9
157
162
208
133
141
20
139
183
145
2
256
183
106
89
273
59
278
178
239
178
259
106
163
251
168
184
146
217
202
294
86
155
220
154
168
234
285
150
144
34
262
178
0
49
155
16
203
270
40
147
55
255
96
176
40
60
283
64
218
179
10
207
202
212
270
156
13
128
223
291
190
295
296
287
284
181
139
156
249
163
155
199
96
215
88
92
236
143
185
111
125
291
4
238
125
156
161
88
180
114
124
36
84
180
106
201
8
107
59
1
133
69
87
34
176
279
156
172
179
298
133
72
207
161
3
246
94
141
202
3
159
103
71
283
125
125
39
213
42
128
22
111
18
99
169
185
273
272
5
180
134
294
199
292
62
105
62
4
79
135
222
33
238
262
94
266
83
267
35
296
172
79
34
83
262
5
72
249
37
246
131
241
82
226
60
39
289
187
55
48
299
130
35
265
79
51
143
167
107
161
27
224
49
210
130
37
42
256
128
139
254
92
80
107
258
11
290
86
262
180
261
64
29
58
52
75
116
6
127
85
187
135
71
39
165
294
119
1
146
65
10
38
237
150
126
52
255
171
78
49
8
160
200
201
174
270
220
281
48
129
203
40
186
80
178
16
81
216
76
21
269
180
109
200
74
131
232
38
138
39
202
21
29
135
280
31
35
59
26
219
57
176
49
45
210
229
298
145
22
106
285
277
294
219
13
257
150
208
263
137
218
180
48
136
127
64
36
82
263
74
142
112
41
239
297
157
29
151
186
278
15
224
61
158
156
217
139
232
238
14
101
52
192
140
19
282
56
29
145
188
118
250
46
29
23
210
202
207
276
199
197
44
153
22
186
5
136
128
249
73
38
227
35
130
228
138
230
241
151
89
260
259
110
23
47
205
160
261
219
102
146
90
82
5
132
266
2
92
122
42
260
203
23
22
100
283
147
66
292
157
280
298
225
101
158
21
153
270
183
23
7
263
268
135
253
272
248
68
215
225
148
192
250
179
6
32
217
211
295
265
169
92
223
297
44
125
189
126
84
108
258
65
97
69
162
36
167
146
147
203
111
53
265
75
242
1
199
226
29
35
149
23
292
104
182
150
70
15
293
91
149
71
210
115
13
282
88
267
219
116
108
247
32
296
278
20
8
204
182
145
47
221
253
271
75
237
249
257
11
45
138
109
229
250
8
156
240
104
95
39
166
51
93
224
278
136
169
65
296
267
209
19
3
168
263
101
32
275
255
178
282
124
50
296
57
281
258
188
112
216
24
212
156
281
220
196
254
194
86
184
265
79
291
87
147
287
87
195
119
259
88
177
206
104
283
24
136
222
135
31
265
266
257
265
277
294
11
1
285
150
247
183
65
191
289
182
189
107
122
25
158
75
5
86
120
73
98
149
84
37
276
260
135
199
64
116
144
179
119
259
27
178
199
254
265
272
185
170
96
294
45
248
21
126
175
244
105
182
246
11
230
248
144
220
58
145
279
37
127
8
295
127
17
230
75
117
234
59
147
56
110
33
102
87
195
260
249
54
240
275
73
225
38
212
245
88
273
107
199
137
194
185
172
223
263
212
256
165
287
145
286
193
194
281
129
257
68
79
289
108
99
237
165
157
0
102
21
114
36
219
48
40
151
158
268
14
287
210
138
108
266
90
119
203
134
72
262
122
19
47
249
213
276
293
161
93
281
244
87
114
220
125
273
242
136
48
49
64
83
197
38
280
197
273
180
240
129
54
180
41
95
103
8
281
240
51
64
53
62
193
0
210
24
80
120
126
76
233
59
55
22
140
99
189
285
193
27
197
33
42
37
77
51
106
221
72
238
15
195
254
85
211
252
147
193
199
203
258
84
243
62
154
45
78
68
279
274
228
258
22
53
34
144
57
219
265
176
55
242
163
188
169
253
277
81
2
2
74
289
139
57
109
243
32
159
48
244
226
201
157
292
97
106
172
254
283
273
56
132
31
149
108
59
130
240
250
229
272
163
99
283
96
23
10
61
157
33
185
54
233
228
169
8
114
75
223
294
126
197
233
238
84
150
69
49
287
189
167
134
95
113
192
188
276
180
196
7
70
264
99
42
243
251
274
35
242
18
4
155
268
220
206
12
67
206
82
298
161
271
223
46
231
146
256
101
80
279
138
173
264
191
32
145
96
294
63
109
198
30
170
120
94
41
68
175
106
39
76
263
32
131
126
244
213
225
223
121
285
70
220
242
98
205
232
51
290
35
3
106
212
121
65
29
177
84
24
97
162
201
48
88
282
62
181
110
134
103
181
213
81
128
92
49
277
248
295
75
156
58
168
42
260
214
109
284
148
63
83
147
90
235
114
107
83
155
177
7
54
41
73
231
277
34
159
101
254
268
14
140
217
197
264
88
52
223
188
240
220
154
22
249
97
131
147
11
102
5
109
171
7
257
107
249
238
128
13
3
187
141
110
248
162
148
52
259
133
140
230
31
113
247
169
267
41
55
105
138
210
237
92
1
33
88
161
217
105
129
286
60
46
35
149
105
201
234
71
216
136
278
146
286
17
251
231
101
172
268
170
271
69
141
219
139
24
293
219
263
148
56
66
209
83
120
223
20
246
128
97
93
48
44
216
201
278
253
23
236
268
70
290
113
118
212
186
290
269
145
210
284
5
100
269
251
125
150
149
130
237
92
275
231
216
79
55
92
187
264
226
173
252
81
215
229
204
246
63
215
128
285
299
182
268
243
19
211
172
270
92
176
221
131
74
191
208
27
195
29
265
39
75
245
47
230
259
86
212
65
182
160
282
222
33
35
96
107
130
253
199
124
35
190
31
45
115
160
56
153
205
21
87
221
217
69
180
250
109
1
66
24
166
202
25
160
234
26
229
266
119
177
212
253
185
260
32
196
99
172
277
6
246
162
120
167
127
113
48
253
157
81
210
76
229
261
137
211
212
128
1
125
54
0
108
295
115
283
224
167
34
17
141
146
14
227
122
105
282
228
195
9
155
65
126
132
281
137
270
121
240
163
160
128
17
3
133
104
83
133
267
141
111
223
256
272
42
51
1
91
44
198
109
39
195
65
20
134
235
33
208
15
187
288
175
279
40
106
62
117
79
106
258
18
120
106
199
103
260
286
35
71
172
136
112
211
67
158
126
270
102
241
172
209
34
241
249
245
55
57
45
135
76
36
203
139
194
55
111
107
25
211
181
247
281
136
270
178
142
104
31
173
294
78
126
72
99
109
181
33
213
173
212
5
13
159
282
284
224
47
107
206
71
282
120
51
165
154
280
256
293
154
48
88
84
148
85
299
135
251
133
177
214
60
248
157
115
107
35
199
148
260
29
200
109
148
106
135
259
72
262
24
280
121
221
48
7
73
287
279
136
123
43
263
61
46
217
71
168
3
2
238
272
68
161
246
242
267
97
261
88
81
65
60
271
87
257
35
203
15
227
183
130
96
77
224
250
119
108
38
167
146
107
136
156
45
212
84
169
231
274
54
276
181
169
172
60
73
280
98
159
43
237
178
222
229
178
235
207
106
226
105
219
27
135
9
58
231
204
273
261
270
168
274
8
84
29
146
215
68
105
115
162
110
190
88
214
101
207
285
47
202
158
75
277
85
130
73
120
165
271
291
13
283
12
191
195
86
146
194
145
136
212
214
293
271
295
80
263
116
9
180
124
258
150
20
110
73
174
204
217
218
95
138
87
130
282
258
6
280
208
221
217
252
108
126
140
186
130
13
109
25
208
17
214
16
230
163
283
124
291
265
131
163
226
57
22
113
131
137
146
262
120
1
113
193
236
34
34
84
82
227
114
57
204
196
287
71
214
279
291
97
230
206
165
222
113
212
282
86
239
121
20
287
62
111
68
243
294
212
22
202
144
244
277
43
101
246
37
184
298
150
299
71
96
199
2
241
186
165
289
196
269
77
247
170
114
149
198
161
115
11
136
213
36
162
62
210
225
249
162
80
98
68
9
97
131
57
223
171
131
212
12
129
36
187
18
264
255
44
157
206
297
52
111
97
196
271
215
238
133
154
273
131
46
292
241
78
6
199
42
166
73
183
61
101
205
197
119
128
154
144
16
137
16
214
86
22
191
209
38
11
168
197
27
176
174
98
176
295
187
30
29
54
182
236
63
82
12
164
285
276
242
216
285
162
46
172
201
91
80
158
294
215
146
7
154
65
81
6
229
81
286
109
194
123
197
51
3
176
30
147
211
240
261
112
240
3
82
182
107
196
60
259
295
49
199
124
223
276
271
212
196
125
114
7
0
107
130
112
269
33
176
65
287
163
61
13
268
296
244
48
169
54
62
24
252
215
137
90
267
298
204
254
246
224
14
219
277
173
217
11
66
154
252
271
219
132
213
98
174
192
124
204
242
60
170
92
98
134
3
7
48
172
157
55
209
295
102
104
144
62
127
294
30
261
290
232
118
80
76
249
117
264
9
82
191
168
297
268
111
86
209
173
169
26
144
277
15
286
123
261
231
163
264
14
10
133
245
85
6
246
250
157
25
267
100
100
124
194
178
173
267
207
243
57
287
14
125
242
61
270
87
1
25
257
233
264
151
295
91
205
236
132
281
53
50
73
152
5
4
124
9
116
172
188
217
281
41
145
80
263
94
32
12
128
296
117
129
25
233
120
99
191
269
73
177
208
76
124
21
277
57
130
234
35
65
125
212
28
93
283
42
262
94
43
184
172
267
67
97
124
292
11
47
89
135
72
177
78
282
295
63
98
73
65
205
121
286
7
152
224
175
129
179
45
109
168
32
273
260
84
241
256
246
119
42
40
161
192
264
238
193
207
243
195
98
207
176
123
204
235
219
50
194
172
292
221
111
266
180
61
251
201
167
13
76
246
134
171
89
70
171
279
115
29
26
20
135
199
128
94
15
231
293
38
267
265
99
253
174
251
165
206
94
174
233
97
248
291
273
65
101
102
177
117
8
295
98
142
116
9
190
232
120
229
70
24
215
219
166
50
17
155
78
254
24
103
214
245
25
147
217
23
222
216
282
299
72
6
78
162
184
138
292
257
241
114
144
289
297
171
23
146
289
193
227
235
88
110
105
115
11
87
78
19
242
150
114
59
124
92
276
8
239
170
165
195
45
224
50
220
142
279
213
135
204
232
132
112
285
60
283
123
87
219
270
39
51
179
243
164
263
197
50
97
153
266
297
1
186
95
79
13
49
37
132
84
135
145
49
185
215
261
190
6
270
240
101
114
72
93
244
280
143
172
123
159
253
13
42
120
109
294
116
279
160
157
170
40
202
211
130
106
155
31
169
289
71
196
47
232
253
168
229
150
295
125
231
32
289
244
92
72
181
184
95
178
211
109
31
27
179
29
87
138
7
102
111
229
44
8
170
89
176
109
38
30
138
186
180
245
0
139
35
252
278
210
256
185
71
251
237
242
56
118
25
89
54
222
134
10
10
255
90
220
170
214
68
255
266
119
160
227
74
154
164
38
67
155
145
241
138
284
156
243
54
146
283
178
10
279
118
161
6
158
229
2
41
141
