6.5
11.57
4.55
4.22
4.54
6.22
11.14
5.47
6.66
5.73
7.57
6.26
7.09
13.55
6.08
5.15
10.14
9.74
14.59
13.97
10.29
12.49
6.73
13.15
4.6
14.78
9.18
12.01
10.1
12.44
11.69
9.33
6.19
9.48
7.47
12.57
8.85
12.4
5.32
7.14
5.16
10.76
4.24
5.45
13.73
5.89
11.81
4.63
11.46
10.64
7.25
11.49
7.78
5.47
11.78
8.13
4.26
11.71
4.08
5.79
6.39
4.62
7.11
11.86
10.02
7.87
14.73
8.86
11.28
8.17
8.13
10.42
5.72
11.4
11.13
9.86
10.22
7.21
9.1
7.95
13.54
8.36
10.78
9.68
13.69
12.66
7.5
5.83
6.44
5.97
11.26
14.43
11.22
11.11
7.64
5.71
14.63
12.22
6.99
14.77
