6.24
8.57
14.24
6.3
14.96
5.54
5.12
12.17
9.08
13.63
11.83
11.7
11.42
11.47
4.49
9.24
12.06
7.4
12.36
11.43
4.26
8.34
6.69
5.2
4.65
8.48
10.0
13.4
11.54
5.64
6.85
6.61
8.13
11.86
9.72
4.09
9.79
10.83
12.29
14.2
4.04
12.64
12.0
6.37
7.77
9.9
11.97
7.13
13.62
6.44
4.33
11.33
14.82
11.88
12.92
13.21
9.83
4.92
8.8
14.13
4.5
7.34
7.44
6.48
6.01
11.13
13.43
12.21
13.24
12.31
14.44
4.56
4.95
11.74
12.49
14.21
10.28
13.69
11.89
6.22
11.98
8.67
14.66
13.06
7.53
14.81
14.86
7.66
9.21
14.31
12.8
7.81
12.97
9.13
14.22
5.37
14.57
12.87
14.51
8.92
7.15
9.44
5.86
13.52
13.99
5.01
7.92
9.81
4.62
10.03
9.87
11.39
12.12
13.79
12.67
9.84
14.0
6.01
7.95
5.55
8.32
7.89
5.26
9.63
11.55
5.59
5.8
7.59
13.21
7.87
4.86
13.72
14.02
6.66
10.09
6.48
13.37
8.08
12.07
8.73
11.01
13.46
6.18
7.65
14.06
8.34
6.06
14.7
9.85
11.88
13.71
9.01
14.88
7.68
9.82
6.92
12.21
10.12
7.04
11.67
14.24
13.74
13.08
13.69
4.27
4.18
4.11
11.17
12.09
10.14
14.44
14.26
7.47
9.2
5.99
6.64
8.47
8.88
6.51
10.04
4.34
9.79
5.28
4.49
6.36
14.5
14.92
4.52
4.31
7.23
11.9
10.55
7.54
5.1
7.0
10.68
11.87
11.3
4.81
10.19
12.08
7.91
11.09
8.43
12.86
8.48
9.64
12.61
13.48
13.91
9.07
4.05
4.78
5.15
4.25
9.13
14.89
13.01
14.21
7.76
4.62
9.89
4.17
13.52
14.54
14.71
6.64
9.75
6.02
12.16
14.95
6.64
8.53
9.23
7.64
4.84
7.9
9.31
6.12
12.75
5.93
14.05
12.09
14.68
4.03
13.9
11.64
11.47
7.84
6.25
14.86
4.35
10.03
8.15
5.23
7.04
5.32
14.32
9.18
6.6
13.12
14.64
11.32
12.7
11.23
10.64
10.5
8.89
12.67
9.73
4.59
13.65
6.8
12.34
13.23
5.23
11.19
10.37
14.99
13.81
7.28
14.74
13.23
12.81
6.29
7.31
10.38
14.12
6.06
11.46
10.12
11.87
14.85
10.33
10.81
8.34
8.53
8.49
9.47
6.04
