8.71
7.37
9.32
14.29
6.96
6.34
6.57
10.19
14.27
5.05
9.9
10.92
12.54
8.6
6.35
5.76
13.46
14.09
13.11
11.61
12.64
11.4
8.84
9.14
14.14
5.25
10.05
5.01
12.9
8.75
8.79
11.96
12.48
9.82
11.09
11.68
5.82
5.92
10.52
11.72
5.57
5.23
7.84
14.9
12.65
7.33
7.51
7.25
11.15
7.69
8.9
12.09
5.95
12.74
7.64
5.36
8.18
6.59
5.35
9.79
9.66
10.52
13.63
10.94
7.57
8.13
9.17
11.03
10.13
14.32
9.94
7.4
11.18
13.09
6.61
7.66
7.86
10.8
8.3
14.37
8.72
14.65
5.46
12.43
9.34
13.64
7.59
13.58
9.6
14.04
12.39
7.17
10.81
14.62
9.09
7.29
9.33
5.75
11.6
14.78
