10.71
6.8
4.58
9.66
7.9
13.57
4.29
6.86
13.61
10.37
13.94
11.91
6.49
4.72
10.45
14.15
5.11
11.8
7.03
4.56
4.44
5.33
4.33
11.04
9.37
11.58
7.13
9.38
6.17
11.93
10.82
11.13
11.19
4.04
13.75
11.32
11.43
10.14
4.94
6.71
8.49
11.86
4.71
4.09
6.39
4.8
5.83
10.83
6.75
11.42
5.32
8.36
9.37
13.75
11.31
11.66
10.14
13.82
12.71
7.69
8.89
9.25
13.86
7.74
12.84
8.97
9.94
4.32
7.57
11.53
9.54
11.39
12.64
12.13
8.01
9.3
12.05
11.62
4.83
11.1
14.87
9.31
12.05
8.62
8.62
4.26
14.99
5.95
7.26
8.6
6.63
6.54
13.19
8.3
12.1
5.09
6.78
13.16
4.07
8.74
